00036 00000 00019
#date, month, colour code, day
20 8 1 Sat
21 8 1 Sun
22 8 1 Mon
23 8 1 Tue
24 8 1 Wed
25 8 1 Thu
26 8 1
27 8 1
28 8 1 Sun
29 8 1 Mon
30 8 4 Tue
31 8 1 Wed
1 9 1
2 9 1
3 9 1
4 9 1 Sun
5 9 4
6 9 3
7 9 4
8 9 1
9 9 1
10 9 1
11 9 4 Sun
12 9 3
13 9 2
14 9 3
15 9 4
16 9 1
17 9 1
18 9 1 Sun
19 9 4
20 9 3
21 9 2
22 9 3
23 9 4
24 9 1
25 9 1 Sun
26 9 1
27 9 4
28 9 3
29 9 2
30 9 3
1 10 4
2 10 1 Sun
3 10 4
4 10 3
5 10 2
6 10 3
7 10 4
8 10 1
9 10 4 Sun
10 10 3
11 10 2
12 10 3
13 10 4
14 10 1
15 10 1
16 10 1 Sun
17 10 4
18 10 3
19 10 4
20 10 1
21 10 1
22 10 1
23 10 1 Sun
24 10 1
25 10 4
26 10 1
27 10 1
28 10 1
29 10 1
30 10 1 Sun
31 10 1
1 11 1
2 11 1
3 11 1
4 11 1
5 11 1
6 11 1 Sun
7 11 4
8 11 4
9 11 4
10 11 4
11 11 4
12 11 1
13 11 1 Sun